int main (){
int p=3 , h[300], B[40]
h[10]=3
B[4]=-1

h[20]= B[4] + h[10] + p
return 0
}

solucion.

OR %go, 3, %L1
OR %go, 1200, %L0
OR %go, 160, %L2
OR %Lo, 3, %L3
ST %L3, L0, 40
OR %go, -1, %L4
ST %L4, %L2, 16
ADD %Lo, %L1,%L5
ADD %L5, %L2,%L6
ADD %go, 0,%O0


FORMATO 3 
OP RD    OP3    RS1   I  -------------        
10 10001 000000 00000 1  00000000 00011
10 10000 000000 00000 1  00100101 10000
10 10010 000000 00000 1  00000101 00000
10 10011 000000 10000 1  00000000 00011
11 01000 000100 10011 0  00000000 10000 (RS2)
10 10100 000000 00000 1  00000000 00001
11 10000 000100 10100 0  00000000 10010 (RS2)
10 10101 000000 10000 0  00000000 10001 (RS2)
10 10110 000000 10101 0  00000000 10010 (RS2)
10 01000 000000 00000 1  00000000 00000

PROCESO HEXADECIMAL
1010 0010 0000 0000 0010 0000 0000 0011
A     2     0   0    4    0    0   3
1010 0000 0000 0000 0010 0100 1011 0000
A     0    0    0     2   4    B    0
1010 0100 0000 0000 0010 0000 1010 0000
A      2   0    0    2   0    A    0
1010 0100 0000 1000 0100 0000 0000 0011
A      6   0    4    2    0    0    3
1101 0000 0010 0100 1100 0000 0001 0000 
D      0   2    4    C    0    1    0
1010 1000 0000 0000 0010 0000 000 00001
A      8   0    0    2    0    0    1
1110 0000 0010 0101 0000 0000 0001 0010 
E      0   2    5    0    0    1    2
1010 1010 0000 0100 0000 0000 0001 0001 
A      A   0    4    0     0    1    1
1010 1100 0000 0101 0100 0000 000 10010 
A      C   0    5    4     0    1    2
1001 0000 0000 0000 0010 0000 0000 0000
9      0   0    0    2     0    0   0



















